GENERATION 0



INITIAL POPULATION
[-7.085322790678954, 5.271573291685625, -8.898059184507263, 0.05115654832153853, 0.04403254845955289, -2.8856634137234315e-13, -6.0353687718786286e-05, -1.4608925104430314e-10, 3.144879535957255e-08, -5.3283570455168245e-14, -5.58054704591955e-12]
[-7.30010514650236, 5.525065297870841, -9.13247863943698, 0.05115654832153853, 0.04417220450459527, -3.325543708877168e-13, -6.0353687718786286e-05, -1.5351785189921192e-10, 3.143707744336279e-08, -5.45318014528919e-14, -5.575433535150752e-12]
[-6.590479444859297, 5.163936959789632, -9.054317442876727, 0.05016770044072109, 0.04426927727053837, -3.2939285949830727e-13, -6.0353687718786286e-05, -1.499816407100302e-10, 3.146403790451792e-08, -5.046501589995341e-14, -5.601055877151139e-12]
[-6.282136716790807, 5.108982531675965, -9.054317442876727, 0.05016770044072109, 0.04426927727053837, -3.2939285949830727e-13, -6.0353687718786286e-05, -1.495455113855883e-10, 3.146403790451792e-08, -4.9636103532008746e-14, -5.601055877151139e-12]
[-6.282136716790807, 5.163936959789632, -9.054317442876727, 0.05016770044072109, 0.04426927727053837, -3.2939285949830727e-13, -6.0353687718786286e-05, -1.5200878008200198e-10, 3.146403790451792e-08, -5.046501589995341e-14, -5.601055877151139e-12]
[-6.407599567019969, 4.936990143405615, -7.680111019451387, 0.0524454776052508, 0.04169814133082178, -3.0906649223424096e-13, -5.900005265156755e-05, -1.3323874050656088e-10, 3.135362116509139e-08, -4.9432004779368046e-14, -5.647825631749151e-12]
[-5.942149892274424, 5.10826917423097, -7.680111019451387, 0.05202842945452589, 0.04169814133082178, -3.0621728163267214e-13, -5.900005265156755e-05, -1.3323874050656088e-10, 3.135362116509139e-08, -4.891430389555333e-14, -5.647825631749151e-12]
[-5.905357574797142, 5.10826917423097, -7.680111019451387, 0.05202842945452589, 0.04169814133082178, -3.0621728163267214e-13, -5.900005265156755e-05, -1.3323874050656088e-10, 3.135362116509139e-08, -4.891430389555333e-14, -5.647825631749151e-12]



FITNESS
[1.0453832078015517e-06, 9.661763062828033e-07, 1.024734227350638e-06, 1.0252382169086805e-06, 1.0241938960926048e-06, 7.936042109285396e-07, 8.125389768025395e-07, 8.124611338425949e-07]



WEIGHTS
[13.93039995952552, 12.874917329350755, 13.65523908618169, 13.661955069436978, 13.648038826526795, 10.575283767038332, 10.827601634588072, 10.826564327351866]



NEW POPULATION
[-6.407599567019969, 4.936990143405615, -7.680111019451387, 0.0524454776052508, 0.04169814133082178, -3.0906649223424096e-13, -5.900005265156755e-05, -1.3323874050656088e-10, 3.135362116509139e-08, -4.9432004779368046e-14, -5.647825631749151e-12]
[-6.282136716790807, 5.163936959789632, -9.054317442876727, 0.05016770044072109, 0.04426927727053837, -3.2939285949830727e-13, -6.0353687718786286e-05, -1.5200878008200198e-10, 3.146403790451792e-08, -5.046501589995341e-14, -5.601055877151139e-12]
[-7.085322790678954, 5.271573291685625, -8.898059184507263, 0.05115654832153853, 0.04403254845955289, -2.8856634137234315e-13, -6.0353687718786286e-05, -1.4608925104430314e-10, 3.144879535957255e-08, -5.3283570455168245e-14, -5.58054704591955e-12]
[-7.30010514650236, 5.525065297870841, -9.13247863943698, 0.05115654832153853, 0.04417220450459527, -3.325543708877168e-13, -6.0353687718786286e-05, -1.5351785189921192e-10, 3.143707744336279e-08, -5.45318014528919e-14, -5.575433535150752e-12]
[-5.905357574797142, 5.10826917423097, -7.680111019451387, 0.05202842945452589, 0.04169814133082178, -3.0621728163267214e-13, -5.900005265156755e-05, -1.3323874050656088e-10, 3.135362116509139e-08, -4.891430389555333e-14, -5.647825631749151e-12]
[-5.905357574797142, 5.10826917423097, -7.680111019451387, 0.05202842945452589, 0.04169814133082178, -3.0621728163267214e-13, -5.900005265156755e-05, -1.3323874050656088e-10, 3.135362116509139e-08, -4.891430389555333e-14, -5.647825631749151e-12]
[-5.905357574797142, 5.10826917423097, -7.680111019451387, 0.05202842945452589, 0.04169814133082178, -3.0621728163267214e-13, -5.900005265156755e-05, -1.3323874050656088e-10, 3.135362116509139e-08, -4.891430389555333e-14, -5.647825631749151e-12]
[-7.085322790678954, 5.271573291685625, -8.898059184507263, 0.05115654832153853, 0.04403254845955289, -2.8856634137234315e-13, -6.0353687718786286e-05, -1.4608925104430314e-10, 3.144879535957255e-08, -5.3283570455168245e-14, -5.58054704591955e-12]



CROSSOVER INDICES
0
0
5
6



POPULATION AFTER CROSSOVER
[-6.282136716790807, 5.163936959789632, -9.054317442876727, 0.05016770044072109, 0.04426927727053837, -3.2939285949830727e-13, -6.0353687718786286e-05, -1.5200878008200198e-10, 3.146403790451792e-08, -5.046501589995341e-14, -5.601055877151139e-12]
[-6.407599567019969, 4.936990143405615, -7.680111019451387, 0.0524454776052508, 0.04169814133082178, -3.0906649223424096e-13, -5.900005265156755e-05, -1.3323874050656088e-10, 3.135362116509139e-08, -4.9432004779368046e-14, -5.647825631749151e-12]
[-7.30010514650236, 5.525065297870841, -9.13247863943698, 0.05115654832153853, 0.04417220450459527, -3.325543708877168e-13, -6.0353687718786286e-05, -1.5351785189921192e-10, 3.143707744336279e-08, -5.45318014528919e-14, -5.575433535150752e-12]
[-7.085322790678954, 5.271573291685625, -8.898059184507263, 0.05115654832153853, 0.04403254845955289, -2.8856634137234315e-13, -6.0353687718786286e-05, -1.4608925104430314e-10, 3.144879535957255e-08, -5.3283570455168245e-14, -5.58054704591955e-12]
[-5.905357574797142, 5.10826917423097, -7.680111019451387, 0.05202842945452589, 0.04169814133082178, -3.0621728163267214e-13, -5.900005265156755e-05, -1.3323874050656088e-10, 3.135362116509139e-08, -4.891430389555333e-14, -5.647825631749151e-12]
[-5.905357574797142, 5.10826917423097, -7.680111019451387, 0.05202842945452589, 0.04169814133082178, -3.0621728163267214e-13, -5.900005265156755e-05, -1.3323874050656088e-10, 3.135362116509139e-08, -4.891430389555333e-14, -5.647825631749151e-12]
[-5.905357574797142, 5.10826917423097, -7.680111019451387, 0.05202842945452589, 0.04169814133082178, -3.0621728163267214e-13, -6.0353687718786286e-05, -1.4608925104430314e-10, 3.144879535957255e-08, -5.3283570455168245e-14, -5.58054704591955e-12]
[-7.085322790678954, 5.271573291685625, -8.898059184507263, 0.05115654832153853, 0.04403254845955289, -2.8856634137234315e-13, -5.900005265156755e-05, -1.3323874050656088e-10, 3.135362116509139e-08, -4.891430389555333e-14, -5.647825631749151e-12]



MUTATION INDICES

INDIVIDUAL 0
3

INDIVIDUAL 1
7
6
4
9

INDIVIDUAL 2
7
9

INDIVIDUAL 3
7
9

INDIVIDUAL 4
5
5
3

INDIVIDUAL 5
4
10
5
9
10
8

INDIVIDUAL 6
4

INDIVIDUAL 7
5
2
10
10
5



FINAL POPULATION
[-6.282136716790807, 5.163936959789632, -9.054317442876727, 0.04562709505936843, 0.04426927727053837, -3.2939285949830727e-13, -6.0353687718786286e-05, -1.5200878008200198e-10, 3.146403790451792e-08, -5.046501589995341e-14, -5.601055877151139e-12]
[-6.407599567019969, 4.936990143405615, -7.680111019451387, 0.0524454776052508, 0.03835852673399874, -3.0906649223424096e-13, -5.535137599732494e-05, -1.3540796235610557e-10, 3.135362116509139e-08, -4.981207060480106e-14, -5.647825631749151e-12]
[-7.30010514650236, 5.525065297870841, -9.13247863943698, 0.05115654832153853, 0.04417220450459527, -3.325543708877168e-13, -6.0353687718786286e-05, -1.5682127846756201e-10, 3.143707744336279e-08, -5.3250404836330916e-14, -5.575433535150752e-12]
[-7.085322790678954, 5.271573291685625, -8.898059184507263, 0.05115654832153853, 0.04403254845955289, -2.8856634137234315e-13, -6.0353687718786286e-05, -1.377782819233866e-10, 3.144879535957255e-08, -5.061247007050393e-14, -5.58054704591955e-12]
[-5.905357574797142, 5.10826917423097, -7.680111019451387, 0.05584490654450822, 0.04169814133082178, -2.897997014672532e-13, -5.900005265156755e-05, -1.3323874050656088e-10, 3.135362116509139e-08, -4.891430389555333e-14, -5.647825631749151e-12]
[-5.905357574797142, 5.10826917423097, -7.680111019451387, 0.05202842945452589, 0.041567856708809546, -3.252468871522486e-13, -5.900005265156755e-05, -1.3323874050656088e-10, 3.0928160184073146e-08, -4.6874745004531537e-14, -5.6307268336963464e-12]
[-5.905357574797142, 5.10826917423097, -7.680111019451387, 0.05202842945452589, 0.04414302363547158, -3.0621728163267214e-13, -6.0353687718786286e-05, -1.4608925104430314e-10, 3.144879535957255e-08, -5.3283570455168245e-14, -5.58054704591955e-12]
[-7.085322790678954, 5.271573291685625, -8.576416862956036, 0.05115654832153853, 0.04403254845955289, -3.0085798851499357e-13, -5.900005265156755e-05, -1.3323874050656088e-10, 3.135362116509139e-08, -4.891430389555333e-14, -5.963992348800296e-12]











GENERATION 1



INITIAL POPULATION
[-6.282136716790807, 5.163936959789632, -9.054317442876727, 0.04562709505936843, 0.04426927727053837, -3.2939285949830727e-13, -6.0353687718786286e-05, -1.5200878008200198e-10, 3.146403790451792e-08, -5.046501589995341e-14, -5.601055877151139e-12]
[-6.407599567019969, 4.936990143405615, -7.680111019451387, 0.0524454776052508, 0.03835852673399874, -3.0906649223424096e-13, -5.535137599732494e-05, -1.3540796235610557e-10, 3.135362116509139e-08, -4.981207060480106e-14, -5.647825631749151e-12]
[-7.30010514650236, 5.525065297870841, -9.13247863943698, 0.05115654832153853, 0.04417220450459527, -3.325543708877168e-13, -6.0353687718786286e-05, -1.5682127846756201e-10, 3.143707744336279e-08, -5.3250404836330916e-14, -5.575433535150752e-12]
[-7.085322790678954, 5.271573291685625, -8.898059184507263, 0.05115654832153853, 0.04403254845955289, -2.8856634137234315e-13, -6.0353687718786286e-05, -1.377782819233866e-10, 3.144879535957255e-08, -5.061247007050393e-14, -5.58054704591955e-12]
[-5.905357574797142, 5.10826917423097, -7.680111019451387, 0.05584490654450822, 0.04169814133082178, -2.897997014672532e-13, -5.900005265156755e-05, -1.3323874050656088e-10, 3.135362116509139e-08, -4.891430389555333e-14, -5.647825631749151e-12]
[-5.905357574797142, 5.10826917423097, -7.680111019451387, 0.05202842945452589, 0.041567856708809546, -3.252468871522486e-13, -5.900005265156755e-05, -1.3323874050656088e-10, 3.0928160184073146e-08, -4.6874745004531537e-14, -5.6307268336963464e-12]
[-5.905357574797142, 5.10826917423097, -7.680111019451387, 0.05202842945452589, 0.04414302363547158, -3.0621728163267214e-13, -6.0353687718786286e-05, -1.4608925104430314e-10, 3.144879535957255e-08, -5.3283570455168245e-14, -5.58054704591955e-12]
[-7.085322790678954, 5.271573291685625, -8.576416862956036, 0.05115654832153853, 0.04403254845955289, -3.0085798851499357e-13, -5.900005265156755e-05, -1.3323874050656088e-10, 3.135362116509139e-08, -4.891430389555333e-14, -5.963992348800296e-12]



FITNESS
[7.129915275375994e-07, 2.77000752014199e-09, 9.661278997833437e-07, 1.051040134817787e-06, 6.052418800132771e-07, 1.5474351774608278e-08, 8.311291449244843e-08, 2.852628226990541e-08]



WEIGHTS
[20.575263734615753, 0.07993592219899816, 27.88018590917188, 30.33055391868125, 17.46586154749382, 0.4465535095267938, 2.3984438375314556, 0.8232016207800523]



NEW POPULATION
[-7.30010514650236, 5.525065297870841, -9.13247863943698, 0.05115654832153853, 0.04417220450459527, -3.325543708877168e-13, -6.0353687718786286e-05, -1.5682127846756201e-10, 3.143707744336279e-08, -5.3250404836330916e-14, -5.575433535150752e-12]
[-7.30010514650236, 5.525065297870841, -9.13247863943698, 0.05115654832153853, 0.04417220450459527, -3.325543708877168e-13, -6.0353687718786286e-05, -1.5682127846756201e-10, 3.143707744336279e-08, -5.3250404836330916e-14, -5.575433535150752e-12]
[-6.282136716790807, 5.163936959789632, -9.054317442876727, 0.04562709505936843, 0.04426927727053837, -3.2939285949830727e-13, -6.0353687718786286e-05, -1.5200878008200198e-10, 3.146403790451792e-08, -5.046501589995341e-14, -5.601055877151139e-12]
[-7.085322790678954, 5.271573291685625, -8.898059184507263, 0.05115654832153853, 0.04403254845955289, -2.8856634137234315e-13, -6.0353687718786286e-05, -1.377782819233866e-10, 3.144879535957255e-08, -5.061247007050393e-14, -5.58054704591955e-12]
[-7.085322790678954, 5.271573291685625, -8.898059184507263, 0.05115654832153853, 0.04403254845955289, -2.8856634137234315e-13, -6.0353687718786286e-05, -1.377782819233866e-10, 3.144879535957255e-08, -5.061247007050393e-14, -5.58054704591955e-12]
[-7.085322790678954, 5.271573291685625, -8.898059184507263, 0.05115654832153853, 0.04403254845955289, -2.8856634137234315e-13, -6.0353687718786286e-05, -1.377782819233866e-10, 3.144879535957255e-08, -5.061247007050393e-14, -5.58054704591955e-12]
[-6.282136716790807, 5.163936959789632, -9.054317442876727, 0.04562709505936843, 0.04426927727053837, -3.2939285949830727e-13, -6.0353687718786286e-05, -1.5200878008200198e-10, 3.146403790451792e-08, -5.046501589995341e-14, -5.601055877151139e-12]
[-5.905357574797142, 5.10826917423097, -7.680111019451387, 0.05584490654450822, 0.04169814133082178, -2.897997014672532e-13, -5.900005265156755e-05, -1.3323874050656088e-10, 3.135362116509139e-08, -4.891430389555333e-14, -5.647825631749151e-12]



CROSSOVER INDICES
2
5
10
0



POPULATION AFTER CROSSOVER
[-7.30010514650236, 5.525065297870841, -9.13247863943698, 0.05115654832153853, 0.04417220450459527, -3.325543708877168e-13, -6.0353687718786286e-05, -1.5682127846756201e-10, 3.143707744336279e-08, -5.3250404836330916e-14, -5.575433535150752e-12]
[-7.30010514650236, 5.525065297870841, -9.13247863943698, 0.05115654832153853, 0.04417220450459527, -3.325543708877168e-13, -6.0353687718786286e-05, -1.5682127846756201e-10, 3.143707744336279e-08, -5.3250404836330916e-14, -5.575433535150752e-12]
[-6.282136716790807, 5.163936959789632, -9.054317442876727, 0.04562709505936843, 0.04426927727053837, -2.8856634137234315e-13, -6.0353687718786286e-05, -1.377782819233866e-10, 3.144879535957255e-08, -5.061247007050393e-14, -5.58054704591955e-12]
[-7.085322790678954, 5.271573291685625, -8.898059184507263, 0.05115654832153853, 0.04403254845955289, -3.2939285949830727e-13, -6.0353687718786286e-05, -1.5200878008200198e-10, 3.146403790451792e-08, -5.046501589995341e-14, -5.601055877151139e-12]
[-7.085322790678954, 5.271573291685625, -8.898059184507263, 0.05115654832153853, 0.04403254845955289, -2.8856634137234315e-13, -6.0353687718786286e-05, -1.377782819233866e-10, 3.144879535957255e-08, -5.061247007050393e-14, -5.58054704591955e-12]
[-7.085322790678954, 5.271573291685625, -8.898059184507263, 0.05115654832153853, 0.04403254845955289, -2.8856634137234315e-13, -6.0353687718786286e-05, -1.377782819233866e-10, 3.144879535957255e-08, -5.061247007050393e-14, -5.58054704591955e-12]
[-5.905357574797142, 5.10826917423097, -7.680111019451387, 0.05584490654450822, 0.04169814133082178, -2.897997014672532e-13, -5.900005265156755e-05, -1.3323874050656088e-10, 3.135362116509139e-08, -4.891430389555333e-14, -5.647825631749151e-12]
[-6.282136716790807, 5.163936959789632, -9.054317442876727, 0.04562709505936843, 0.04426927727053837, -3.2939285949830727e-13, -6.0353687718786286e-05, -1.5200878008200198e-10, 3.146403790451792e-08, -5.046501589995341e-14, -5.601055877151139e-12]



MUTATION INDICES

INDIVIDUAL 0
3
5
1
6
5

INDIVIDUAL 1
8
10

INDIVIDUAL 2
8
0
7
8
10
5

INDIVIDUAL 3
2
7
8
8
0
1

INDIVIDUAL 4
9
3
3

INDIVIDUAL 5
10
4
4
4
7
4

INDIVIDUAL 6
6
3
10

INDIVIDUAL 7
1
2
7



FINAL POPULATION
[-7.30010514650236, 5.034257817179663, -9.13247863943698, 0.051315283212296225, 0.04417220450459527, -3.019063758818079e-13, -6.258461425561033e-05, -1.5682127846756201e-10, 3.143707744336279e-08, -5.3250404836330916e-14, -5.575433535150752e-12]
[-7.30010514650236, 5.525065297870841, -9.13247863943698, 0.05115654832153853, 0.04417220450459527, -3.325543708877168e-13, -6.0353687718786286e-05, -1.5682127846756201e-10, 3.062865232035156e-08, -5.3250404836330916e-14, -5.553428830227269e-12]
[-6.025551160614788, 5.163936959789632, -9.054317442876727, 0.04562709505936843, 0.04426927727053837, -2.7999670970434964e-13, -6.0353687718786286e-05, -1.2708556988905258e-10, 3.193278381274278e-08, -5.061247007050393e-14, -6.062859198453831e-12]
[-7.025388094241269, 5.430324567918003, -8.09168451968622, 0.05115654832153853, 0.04403254845955289, -3.2939285949830727e-13, -6.0353687718786286e-05, -1.4319784380132117e-10, 2.820539327227138e-08, -5.046501589995341e-14, -5.601055877151139e-12]
[-7.085322790678954, 5.271573291685625, -8.898059184507263, 0.05139050981658639, 0.04403254845955289, -2.8856634137234315e-13, -6.0353687718786286e-05, -1.377782819233866e-10, 3.144879535957255e-08, -4.7752141145859243e-14, -5.58054704591955e-12]
[-7.085322790678954, 5.271573291685625, -8.898059184507263, 0.05115654832153853, 0.03982789617973958, -2.8856634137234315e-13, -6.0353687718786286e-05, -1.4952106017710535e-10, 3.144879535957255e-08, -5.061247007050393e-14, -5.490438823121162e-12]
[-5.905357574797142, 5.10826917423097, -7.680111019451387, 0.0554257460010841, 0.04169814133082178, -2.897997014672532e-13, -5.600959331061832e-05, -1.3323874050656088e-10, 3.135362116509139e-08, -4.891430389555333e-14, -5.6161187843129085e-12]
[-6.282136716790807, 5.51514922082289, -9.624311431149748, 0.04562709505936843, 0.04426927727053837, -3.2939285949830727e-13, -6.0353687718786286e-05, -1.635934186543037e-10, 3.146403790451792e-08, -5.046501589995341e-14, -5.601055877151139e-12]











GENERATION 2



INITIAL POPULATION
[-7.30010514650236, 5.034257817179663, -9.13247863943698, 0.051315283212296225, 0.04417220450459527, -3.019063758818079e-13, -6.258461425561033e-05, -1.5682127846756201e-10, 3.143707744336279e-08, -5.3250404836330916e-14, -5.575433535150752e-12]
[-7.30010514650236, 5.525065297870841, -9.13247863943698, 0.05115654832153853, 0.04417220450459527, -3.325543708877168e-13, -6.0353687718786286e-05, -1.5682127846756201e-10, 3.062865232035156e-08, -5.3250404836330916e-14, -5.553428830227269e-12]
[-6.025551160614788, 5.163936959789632, -9.054317442876727, 0.04562709505936843, 0.04426927727053837, -2.7999670970434964e-13, -6.0353687718786286e-05, -1.2708556988905258e-10, 3.193278381274278e-08, -5.061247007050393e-14, -6.062859198453831e-12]
[-7.025388094241269, 5.430324567918003, -8.09168451968622, 0.05115654832153853, 0.04403254845955289, -3.2939285949830727e-13, -6.0353687718786286e-05, -1.4319784380132117e-10, 2.820539327227138e-08, -5.046501589995341e-14, -5.601055877151139e-12]
[-7.085322790678954, 5.271573291685625, -8.898059184507263, 0.05139050981658639, 0.04403254845955289, -2.8856634137234315e-13, -6.0353687718786286e-05, -1.377782819233866e-10, 3.144879535957255e-08, -4.7752141145859243e-14, -5.58054704591955e-12]
[-7.085322790678954, 5.271573291685625, -8.898059184507263, 0.05115654832153853, 0.03982789617973958, -2.8856634137234315e-13, -6.0353687718786286e-05, -1.4952106017710535e-10, 3.144879535957255e-08, -5.061247007050393e-14, -5.490438823121162e-12]
[-5.905357574797142, 5.10826917423097, -7.680111019451387, 0.0554257460010841, 0.04169814133082178, -2.897997014672532e-13, -5.600959331061832e-05, -1.3323874050656088e-10, 3.135362116509139e-08, -4.891430389555333e-14, -5.6161187843129085e-12]
[-6.282136716790807, 5.51514922082289, -9.624311431149748, 0.04562709505936843, 0.04426927727053837, -3.2939285949830727e-13, -6.0353687718786286e-05, -1.635934186543037e-10, 3.146403790451792e-08, -5.046501589995341e-14, -5.601055877151139e-12]



FITNESS
[2.4592690397528734e-09, 4.634191517606557e-09, 9.168040308997235e-09, 2.574265188534741e-10, 1.0638058273583925e-06, 4.743948339213289e-09, 1.202475743939521e-09, 4.3185994781070415e-07]



WEIGHTS
[0.16199318995586104, 0.30525634026560833, 0.6039030587103315, 0.016956803950371104, 70.07338224561921, 0.31248607290733565, 0.07920763383614363, 28.446814654755137]



NEW POPULATION
[-6.282136716790807, 5.51514922082289, -9.624311431149748, 0.04562709505936843, 0.04426927727053837, -3.2939285949830727e-13, -6.0353687718786286e-05, -1.635934186543037e-10, 3.146403790451792e-08, -5.046501589995341e-14, -5.601055877151139e-12]
[-7.085322790678954, 5.271573291685625, -8.898059184507263, 0.05139050981658639, 0.04403254845955289, -2.8856634137234315e-13, -6.0353687718786286e-05, -1.377782819233866e-10, 3.144879535957255e-08, -4.7752141145859243e-14, -5.58054704591955e-12]
[-7.085322790678954, 5.271573291685625, -8.898059184507263, 0.05139050981658639, 0.04403254845955289, -2.8856634137234315e-13, -6.0353687718786286e-05, -1.377782819233866e-10, 3.144879535957255e-08, -4.7752141145859243e-14, -5.58054704591955e-12]
[-7.085322790678954, 5.271573291685625, -8.898059184507263, 0.05139050981658639, 0.04403254845955289, -2.8856634137234315e-13, -6.0353687718786286e-05, -1.377782819233866e-10, 3.144879535957255e-08, -4.7752141145859243e-14, -5.58054704591955e-12]
[-6.282136716790807, 5.51514922082289, -9.624311431149748, 0.04562709505936843, 0.04426927727053837, -3.2939285949830727e-13, -6.0353687718786286e-05, -1.635934186543037e-10, 3.146403790451792e-08, -5.046501589995341e-14, -5.601055877151139e-12]
[-7.085322790678954, 5.271573291685625, -8.898059184507263, 0.05139050981658639, 0.04403254845955289, -2.8856634137234315e-13, -6.0353687718786286e-05, -1.377782819233866e-10, 3.144879535957255e-08, -4.7752141145859243e-14, -5.58054704591955e-12]
[-7.085322790678954, 5.271573291685625, -8.898059184507263, 0.05139050981658639, 0.04403254845955289, -2.8856634137234315e-13, -6.0353687718786286e-05, -1.377782819233866e-10, 3.144879535957255e-08, -4.7752141145859243e-14, -5.58054704591955e-12]
[-7.085322790678954, 5.271573291685625, -8.898059184507263, 0.05139050981658639, 0.04403254845955289, -2.8856634137234315e-13, -6.0353687718786286e-05, -1.377782819233866e-10, 3.144879535957255e-08, -4.7752141145859243e-14, -5.58054704591955e-12]



CROSSOVER INDICES
4
7
6
9



POPULATION AFTER CROSSOVER
[-6.282136716790807, 5.51514922082289, -9.624311431149748, 0.04562709505936843, 0.04403254845955289, -2.8856634137234315e-13, -6.0353687718786286e-05, -1.377782819233866e-10, 3.144879535957255e-08, -4.7752141145859243e-14, -5.58054704591955e-12]
[-7.085322790678954, 5.271573291685625, -8.898059184507263, 0.05139050981658639, 0.04426927727053837, -3.2939285949830727e-13, -6.0353687718786286e-05, -1.635934186543037e-10, 3.146403790451792e-08, -5.046501589995341e-14, -5.601055877151139e-12]
[-7.085322790678954, 5.271573291685625, -8.898059184507263, 0.05139050981658639, 0.04403254845955289, -2.8856634137234315e-13, -6.0353687718786286e-05, -1.377782819233866e-10, 3.144879535957255e-08, -4.7752141145859243e-14, -5.58054704591955e-12]
[-7.085322790678954, 5.271573291685625, -8.898059184507263, 0.05139050981658639, 0.04403254845955289, -2.8856634137234315e-13, -6.0353687718786286e-05, -1.377782819233866e-10, 3.144879535957255e-08, -4.7752141145859243e-14, -5.58054704591955e-12]
[-6.282136716790807, 5.51514922082289, -9.624311431149748, 0.04562709505936843, 0.04426927727053837, -3.2939285949830727e-13, -6.0353687718786286e-05, -1.377782819233866e-10, 3.144879535957255e-08, -4.7752141145859243e-14, -5.58054704591955e-12]
[-7.085322790678954, 5.271573291685625, -8.898059184507263, 0.05139050981658639, 0.04403254845955289, -2.8856634137234315e-13, -6.0353687718786286e-05, -1.635934186543037e-10, 3.146403790451792e-08, -5.046501589995341e-14, -5.601055877151139e-12]
[-7.085322790678954, 5.271573291685625, -8.898059184507263, 0.05139050981658639, 0.04403254845955289, -2.8856634137234315e-13, -6.0353687718786286e-05, -1.377782819233866e-10, 3.144879535957255e-08, -4.7752141145859243e-14, -5.58054704591955e-12]
[-7.085322790678954, 5.271573291685625, -8.898059184507263, 0.05139050981658639, 0.04403254845955289, -2.8856634137234315e-13, -6.0353687718786286e-05, -1.377782819233866e-10, 3.144879535957255e-08, -4.7752141145859243e-14, -5.58054704591955e-12]



MUTATION INDICES

INDIVIDUAL 0
4
4
2
1
7
8

INDIVIDUAL 1
4
3
4

INDIVIDUAL 2
3
0

INDIVIDUAL 3
0
6
9
4
7
0

INDIVIDUAL 4
6
8
6
0
6

INDIVIDUAL 5
2
0
5
5
9

INDIVIDUAL 6
10
2
0

INDIVIDUAL 7
5
9



FINAL POPULATION
[-6.282136716790807, 5.174353116192492, -10, 0.04562709505936843, 0.042287133164895, -2.8856634137234315e-13, -6.0353687718786286e-05, -1.3530748468027757e-10, 3.0764038513960874e-08, -4.7752141145859243e-14, -5.58054704591955e-12]
[-7.085322790678954, 5.271573291685625, -8.898059184507263, 0.048846185713407646, 0.04567955007867392, -3.2939285949830727e-13, -6.0353687718786286e-05, -1.635934186543037e-10, 3.146403790451792e-08, -5.046501589995341e-14, -5.601055877151139e-12]
[-7.549433380870722, 5.271573291685625, -8.898059184507263, 0.04745698943884205, 0.04403254845955289, -2.8856634137234315e-13, -6.0353687718786286e-05, -1.377782819233866e-10, 3.144879535957255e-08, -4.7752141145859243e-14, -5.58054704591955e-12]
[-6.6767677155456715, 5.271573291685625, -8.898059184507263, 0.05139050981658639, 0.04771514130381366, -2.8856634137234315e-13, -6.153561594290432e-05, -1.4379062882251524e-10, 3.144879535957255e-08, -4.454278252145845e-14, -5.58054704591955e-12]
[-6.11264424642054, 5.51514922082289, -9.624311431149748, 0.04562709505936843, 0.04426927727053837, -3.2939285949830727e-13, -7.106882177182194e-05, -1.377782819233866e-10, 3.359109156019371e-08, -4.7752141145859243e-14, -5.58054704591955e-12]
[-7.455868626374251, 5.271573291685625, -8.020094883718121, 0.05139050981658639, 0.04403254845955289, -2.7562401453623946e-13, -6.0353687718786286e-05, -1.635934186543037e-10, 3.146403790451792e-08, -5.1660629096572855e-14, -5.601055877151139e-12]
[-7.022952974350554, 5.271573291685625, -8.025821520267536, 0.05139050981658639, 0.04403254845955289, -2.8856634137234315e-13, -6.0353687718786286e-05, -1.377782819233866e-10, 3.144879535957255e-08, -4.7752141145859243e-14, -5.579929836174386e-12]
[-7.085322790678954, 5.271573291685625, -8.898059184507263, 0.05139050981658639, 0.04403254845955289, -2.8128204714675454e-13, -6.0353687718786286e-05, -1.377782819233866e-10, 3.144879535957255e-08, -5.085075853477082e-14, -5.58054704591955e-12]











GENERATION 3



INITIAL POPULATION
[-6.282136716790807, 5.174353116192492, -10, 0.04562709505936843, 0.042287133164895, -2.8856634137234315e-13, -6.0353687718786286e-05, -1.3530748468027757e-10, 3.0764038513960874e-08, -4.7752141145859243e-14, -5.58054704591955e-12]
[-7.085322790678954, 5.271573291685625, -8.898059184507263, 0.048846185713407646, 0.04567955007867392, -3.2939285949830727e-13, -6.0353687718786286e-05, -1.635934186543037e-10, 3.146403790451792e-08, -5.046501589995341e-14, -5.601055877151139e-12]
[-7.549433380870722, 5.271573291685625, -8.898059184507263, 0.04745698943884205, 0.04403254845955289, -2.8856634137234315e-13, -6.0353687718786286e-05, -1.377782819233866e-10, 3.144879535957255e-08, -4.7752141145859243e-14, -5.58054704591955e-12]
[-6.6767677155456715, 5.271573291685625, -8.898059184507263, 0.05139050981658639, 0.04771514130381366, -2.8856634137234315e-13, -6.153561594290432e-05, -1.4379062882251524e-10, 3.144879535957255e-08, -4.454278252145845e-14, -5.58054704591955e-12]
[-6.11264424642054, 5.51514922082289, -9.624311431149748, 0.04562709505936843, 0.04426927727053837, -3.2939285949830727e-13, -7.106882177182194e-05, -1.377782819233866e-10, 3.359109156019371e-08, -4.7752141145859243e-14, -5.58054704591955e-12]
[-7.455868626374251, 5.271573291685625, -8.020094883718121, 0.05139050981658639, 0.04403254845955289, -2.7562401453623946e-13, -6.0353687718786286e-05, -1.635934186543037e-10, 3.146403790451792e-08, -5.1660629096572855e-14, -5.601055877151139e-12]
[-7.022952974350554, 5.271573291685625, -8.025821520267536, 0.05139050981658639, 0.04403254845955289, -2.8856634137234315e-13, -6.0353687718786286e-05, -1.377782819233866e-10, 3.144879535957255e-08, -4.7752141145859243e-14, -5.579929836174386e-12]
[-7.085322790678954, 5.271573291685625, -8.898059184507263, 0.05139050981658639, 0.04403254845955289, -2.8128204714675454e-13, -6.0353687718786286e-05, -1.377782819233866e-10, 3.144879535957255e-08, -5.085075853477082e-14, -5.58054704591955e-12]



FITNESS
[1.8554704539228875e-09, 2.2667604176640133e-08, 8.584988468481822e-07, 3.115006199271545e-08, 3.103567061990091e-10, 2.7017500352602163e-07, 1.8643726832872153e-07, 1.0609396912927534e-06]



WEIGHTS
[0.07629293926430347, 0.9320429463370746, 35.29961915727976, 1.2808232988377701, 0.012761197725487642, 11.109012860411944, 7.665897971661766, 43.623549628481896]



NEW POPULATION
[-7.549433380870722, 5.271573291685625, -8.898059184507263, 0.04745698943884205, 0.04403254845955289, -2.8856634137234315e-13, -6.0353687718786286e-05, -1.377782819233866e-10, 3.144879535957255e-08, -4.7752141145859243e-14, -5.58054704591955e-12]
[-7.085322790678954, 5.271573291685625, -8.898059184507263, 0.05139050981658639, 0.04403254845955289, -2.8128204714675454e-13, -6.0353687718786286e-05, -1.377782819233866e-10, 3.144879535957255e-08, -5.085075853477082e-14, -5.58054704591955e-12]
[-7.455868626374251, 5.271573291685625, -8.020094883718121, 0.05139050981658639, 0.04403254845955289, -2.7562401453623946e-13, -6.0353687718786286e-05, -1.635934186543037e-10, 3.146403790451792e-08, -5.1660629096572855e-14, -5.601055877151139e-12]
[-7.085322790678954, 5.271573291685625, -8.898059184507263, 0.05139050981658639, 0.04403254845955289, -2.8128204714675454e-13, -6.0353687718786286e-05, -1.377782819233866e-10, 3.144879535957255e-08, -5.085075853477082e-14, -5.58054704591955e-12]
[-7.085322790678954, 5.271573291685625, -8.898059184507263, 0.05139050981658639, 0.04403254845955289, -2.8128204714675454e-13, -6.0353687718786286e-05, -1.377782819233866e-10, 3.144879535957255e-08, -5.085075853477082e-14, -5.58054704591955e-12]
[-7.022952974350554, 5.271573291685625, -8.025821520267536, 0.05139050981658639, 0.04403254845955289, -2.8856634137234315e-13, -6.0353687718786286e-05, -1.377782819233866e-10, 3.144879535957255e-08, -4.7752141145859243e-14, -5.579929836174386e-12]
[-7.085322790678954, 5.271573291685625, -8.898059184507263, 0.05139050981658639, 0.04403254845955289, -2.8128204714675454e-13, -6.0353687718786286e-05, -1.377782819233866e-10, 3.144879535957255e-08, -5.085075853477082e-14, -5.58054704591955e-12]
[-7.455868626374251, 5.271573291685625, -8.020094883718121, 0.05139050981658639, 0.04403254845955289, -2.7562401453623946e-13, -6.0353687718786286e-05, -1.635934186543037e-10, 3.146403790451792e-08, -5.1660629096572855e-14, -5.601055877151139e-12]



CROSSOVER INDICES
10
7
4
9



POPULATION AFTER CROSSOVER
[-7.549433380870722, 5.271573291685625, -8.898059184507263, 0.04745698943884205, 0.04403254845955289, -2.8856634137234315e-13, -6.0353687718786286e-05, -1.377782819233866e-10, 3.144879535957255e-08, -4.7752141145859243e-14, -5.58054704591955e-12]
[-7.085322790678954, 5.271573291685625, -8.898059184507263, 0.05139050981658639, 0.04403254845955289, -2.8128204714675454e-13, -6.0353687718786286e-05, -1.377782819233866e-10, 3.144879535957255e-08, -5.085075853477082e-14, -5.58054704591955e-12]
[-7.455868626374251, 5.271573291685625, -8.020094883718121, 0.05139050981658639, 0.04403254845955289, -2.7562401453623946e-13, -6.0353687718786286e-05, -1.377782819233866e-10, 3.144879535957255e-08, -5.085075853477082e-14, -5.58054704591955e-12]
[-7.085322790678954, 5.271573291685625, -8.898059184507263, 0.05139050981658639, 0.04403254845955289, -2.8128204714675454e-13, -6.0353687718786286e-05, -1.635934186543037e-10, 3.146403790451792e-08, -5.1660629096572855e-14, -5.601055877151139e-12]
[-7.085322790678954, 5.271573291685625, -8.898059184507263, 0.05139050981658639, 0.04403254845955289, -2.8856634137234315e-13, -6.0353687718786286e-05, -1.377782819233866e-10, 3.144879535957255e-08, -4.7752141145859243e-14, -5.579929836174386e-12]
[-7.022952974350554, 5.271573291685625, -8.025821520267536, 0.05139050981658639, 0.04403254845955289, -2.8128204714675454e-13, -6.0353687718786286e-05, -1.377782819233866e-10, 3.144879535957255e-08, -5.085075853477082e-14, -5.58054704591955e-12]
[-7.085322790678954, 5.271573291685625, -8.898059184507263, 0.05139050981658639, 0.04403254845955289, -2.8128204714675454e-13, -6.0353687718786286e-05, -1.377782819233866e-10, 3.144879535957255e-08, -5.1660629096572855e-14, -5.601055877151139e-12]
[-7.455868626374251, 5.271573291685625, -8.020094883718121, 0.05139050981658639, 0.04403254845955289, -2.7562401453623946e-13, -6.0353687718786286e-05, -1.635934186543037e-10, 3.146403790451792e-08, -5.085075853477082e-14, -5.58054704591955e-12]



MUTATION INDICES

INDIVIDUAL 0
3
9
3
9

INDIVIDUAL 1
8
8
9
7
7

INDIVIDUAL 2
2
0
1

INDIVIDUAL 3
6
1

INDIVIDUAL 4
1
3
3
3

INDIVIDUAL 5
3

INDIVIDUAL 6
4
0
8
5

INDIVIDUAL 7
8
10
3



FINAL POPULATION
[-7.549433380870722, 5.271573291685625, -8.898059184507263, 0.04773797233319127, 0.04403254845955289, -2.8856634137234315e-13, -6.0353687718786286e-05, -1.377782819233866e-10, 3.144879535957255e-08, -4.773363900098565e-14, -5.58054704591955e-12]
[-7.085322790678954, 5.271573291685625, -8.898059184507263, 0.05139050981658639, 0.04403254845955289, -2.8128204714675454e-13, -6.0353687718786286e-05, -1.3087205503205427e-10, 3.436259759324787e-08, -4.788320528930319e-14, -5.58054704591955e-12]
[-7.9743067044764, 5.000754720966452, -8.476993217625136, 0.05139050981658639, 0.04403254845955289, -2.7562401453623946e-13, -6.0353687718786286e-05, -1.377782819233866e-10, 3.144879535957255e-08, -5.085075853477082e-14, -5.58054704591955e-12]
[-7.085322790678954, 5.266937014993902, -8.898059184507263, 0.05139050981658639, 0.04403254845955289, -2.8128204714675454e-13, -6.435843138644964e-05, -1.635934186543037e-10, 3.146403790451792e-08, -5.1660629096572855e-14, -5.601055877151139e-12]
[-7.085322790678954, 5.228152882536114, -8.898059184507263, 0.049566223660552064, 0.04403254845955289, -2.8856634137234315e-13, -6.0353687718786286e-05, -1.377782819233866e-10, 3.144879535957255e-08, -4.7752141145859243e-14, -5.579929836174386e-12]
[-7.022952974350554, 5.271573291685625, -8.025821520267536, 0.05301923534397109, 0.04403254845955289, -2.8128204714675454e-13, -6.0353687718786286e-05, -1.377782819233866e-10, 3.144879535957255e-08, -5.085075853477082e-14, -5.58054704591955e-12]
[-6.998729195688769, 5.271573291685625, -8.898059184507263, 0.05139050981658639, 0.04772597109013379, -2.7616655925390933e-13, -6.0353687718786286e-05, -1.377782819233866e-10, 3.00914419999907e-08, -5.1660629096572855e-14, -5.601055877151139e-12]
[-7.455868626374251, 5.271573291685625, -8.020094883718121, 0.05576318182765532, 0.04403254845955289, -2.7562401453623946e-13, -6.0353687718786286e-05, -1.635934186543037e-10, 3.1113450556420813e-08, -5.085075853477082e-14, -5.99952170183924e-12]











GENERATION 4



INITIAL POPULATION
[-7.549433380870722, 5.271573291685625, -8.898059184507263, 0.04773797233319127, 0.04403254845955289, -2.8856634137234315e-13, -6.0353687718786286e-05, -1.377782819233866e-10, 3.144879535957255e-08, -4.773363900098565e-14, -5.58054704591955e-12]
[-7.085322790678954, 5.271573291685625, -8.898059184507263, 0.05139050981658639, 0.04403254845955289, -2.8128204714675454e-13, -6.0353687718786286e-05, -1.3087205503205427e-10, 3.436259759324787e-08, -4.788320528930319e-14, -5.58054704591955e-12]
[-7.9743067044764, 5.000754720966452, -8.476993217625136, 0.05139050981658639, 0.04403254845955289, -2.7562401453623946e-13, -6.0353687718786286e-05, -1.377782819233866e-10, 3.144879535957255e-08, -5.085075853477082e-14, -5.58054704591955e-12]
[-7.085322790678954, 5.266937014993902, -8.898059184507263, 0.05139050981658639, 0.04403254845955289, -2.8128204714675454e-13, -6.435843138644964e-05, -1.635934186543037e-10, 3.146403790451792e-08, -5.1660629096572855e-14, -5.601055877151139e-12]
[-7.085322790678954, 5.228152882536114, -8.898059184507263, 0.049566223660552064, 0.04403254845955289, -2.8856634137234315e-13, -6.0353687718786286e-05, -1.377782819233866e-10, 3.144879535957255e-08, -4.7752141145859243e-14, -5.579929836174386e-12]
[-7.022952974350554, 5.271573291685625, -8.025821520267536, 0.05301923534397109, 0.04403254845955289, -2.8128204714675454e-13, -6.0353687718786286e-05, -1.377782819233866e-10, 3.144879535957255e-08, -5.085075853477082e-14, -5.58054704591955e-12]
[-6.998729195688769, 5.271573291685625, -8.898059184507263, 0.05139050981658639, 0.04772597109013379, -2.7616655925390933e-13, -6.0353687718786286e-05, -1.377782819233866e-10, 3.00914419999907e-08, -5.1660629096572855e-14, -5.601055877151139e-12]
[-7.455868626374251, 5.271573291685625, -8.020094883718121, 0.05576318182765532, 0.04403254845955289, -2.7562401453623946e-13, -6.0353687718786286e-05, -1.635934186543037e-10, 3.1113450556420813e-08, -5.085075853477082e-14, -5.99952170183924e-12]



FITNESS
[8.743710361432529e-07, 3.110292203668007e-10, 5.018046871053171e-07, 7.324483153714602e-10, 9.786828997886463e-07, 1.771329017641583e-07, 6.815998148911764e-09, 1.982600560304475e-09]



WEIGHTS
[34.39922407915782, 0.012236411551045968, 19.741838604177417, 0.02881574604529395, 38.50302786877072, 6.968705649781431, 0.2681528069385032, 0.0779988335777901]



NEW POPULATION
[-7.085322790678954, 5.228152882536114, -8.898059184507263, 0.049566223660552064, 0.04403254845955289, -2.8856634137234315e-13, -6.0353687718786286e-05, -1.377782819233866e-10, 3.144879535957255e-08, -4.7752141145859243e-14, -5.579929836174386e-12]
[-7.9743067044764, 5.000754720966452, -8.476993217625136, 0.05139050981658639, 0.04403254845955289, -2.7562401453623946e-13, -6.0353687718786286e-05, -1.377782819233866e-10, 3.144879535957255e-08, -5.085075853477082e-14, -5.58054704591955e-12]
[-7.085322790678954, 5.228152882536114, -8.898059184507263, 0.049566223660552064, 0.04403254845955289, -2.8856634137234315e-13, -6.0353687718786286e-05, -1.377782819233866e-10, 3.144879535957255e-08, -4.7752141145859243e-14, -5.579929836174386e-12]
[-7.085322790678954, 5.228152882536114, -8.898059184507263, 0.049566223660552064, 0.04403254845955289, -2.8856634137234315e-13, -6.0353687718786286e-05, -1.377782819233866e-10, 3.144879535957255e-08, -4.7752141145859243e-14, -5.579929836174386e-12]
[-7.9743067044764, 5.000754720966452, -8.476993217625136, 0.05139050981658639, 0.04403254845955289, -2.7562401453623946e-13, -6.0353687718786286e-05, -1.377782819233866e-10, 3.144879535957255e-08, -5.085075853477082e-14, -5.58054704591955e-12]
[-7.549433380870722, 5.271573291685625, -8.898059184507263, 0.04773797233319127, 0.04403254845955289, -2.8856634137234315e-13, -6.0353687718786286e-05, -1.377782819233866e-10, 3.144879535957255e-08, -4.773363900098565e-14, -5.58054704591955e-12]
[-7.9743067044764, 5.000754720966452, -8.476993217625136, 0.05139050981658639, 0.04403254845955289, -2.7562401453623946e-13, -6.0353687718786286e-05, -1.377782819233866e-10, 3.144879535957255e-08, -5.085075853477082e-14, -5.58054704591955e-12]
[-7.549433380870722, 5.271573291685625, -8.898059184507263, 0.04773797233319127, 0.04403254845955289, -2.8856634137234315e-13, -6.0353687718786286e-05, -1.377782819233866e-10, 3.144879535957255e-08, -4.773363900098565e-14, -5.58054704591955e-12]



CROSSOVER INDICES
1
10
10
1



POPULATION AFTER CROSSOVER
[-7.085322790678954, 5.000754720966452, -8.476993217625136, 0.05139050981658639, 0.04403254845955289, -2.7562401453623946e-13, -6.0353687718786286e-05, -1.377782819233866e-10, 3.144879535957255e-08, -5.085075853477082e-14, -5.58054704591955e-12]
[-7.9743067044764, 5.228152882536114, -8.898059184507263, 0.049566223660552064, 0.04403254845955289, -2.8856634137234315e-13, -6.0353687718786286e-05, -1.377782819233866e-10, 3.144879535957255e-08, -4.7752141145859243e-14, -5.579929836174386e-12]
[-7.085322790678954, 5.228152882536114, -8.898059184507263, 0.049566223660552064, 0.04403254845955289, -2.8856634137234315e-13, -6.0353687718786286e-05, -1.377782819233866e-10, 3.144879535957255e-08, -4.7752141145859243e-14, -5.579929836174386e-12]
[-7.085322790678954, 5.228152882536114, -8.898059184507263, 0.049566223660552064, 0.04403254845955289, -2.8856634137234315e-13, -6.0353687718786286e-05, -1.377782819233866e-10, 3.144879535957255e-08, -4.7752141145859243e-14, -5.579929836174386e-12]
[-7.9743067044764, 5.000754720966452, -8.476993217625136, 0.05139050981658639, 0.04403254845955289, -2.7562401453623946e-13, -6.0353687718786286e-05, -1.377782819233866e-10, 3.144879535957255e-08, -5.085075853477082e-14, -5.58054704591955e-12]
[-7.549433380870722, 5.271573291685625, -8.898059184507263, 0.04773797233319127, 0.04403254845955289, -2.8856634137234315e-13, -6.0353687718786286e-05, -1.377782819233866e-10, 3.144879535957255e-08, -4.773363900098565e-14, -5.58054704591955e-12]
[-7.9743067044764, 5.271573291685625, -8.898059184507263, 0.04773797233319127, 0.04403254845955289, -2.8856634137234315e-13, -6.0353687718786286e-05, -1.377782819233866e-10, 3.144879535957255e-08, -4.773363900098565e-14, -5.58054704591955e-12]
[-7.549433380870722, 5.000754720966452, -8.476993217625136, 0.05139050981658639, 0.04403254845955289, -2.7562401453623946e-13, -6.0353687718786286e-05, -1.377782819233866e-10, 3.144879535957255e-08, -5.085075853477082e-14, -5.58054704591955e-12]



MUTATION INDICES

INDIVIDUAL 0
9
5

INDIVIDUAL 1
10
8

INDIVIDUAL 2
1
6
6

INDIVIDUAL 3
4
6
2
8
10
0

INDIVIDUAL 4
7
10
5
10

INDIVIDUAL 5
5
2

INDIVIDUAL 6
2
0
2
5

INDIVIDUAL 7
2



FINAL POPULATION
[-7.085322790678954, 5.000754720966452, -8.476993217625136, 0.05139050981658639, 0.04403254845955289, -2.999088821908062e-13, -6.0353687718786286e-05, -1.377782819233866e-10, 3.144879535957255e-08, -4.924120440413723e-14, -5.58054704591955e-12]
[-7.9743067044764, 5.228152882536114, -8.898059184507263, 0.049566223660552064, 0.04403254845955289, -2.8856634137234315e-13, -6.0353687718786286e-05, -1.377782819233866e-10, 3.318285583052477e-08, -4.7752141145859243e-14, -5.199142567350709e-12]
[-7.085322790678954, 4.9922454439603765, -8.898059184507263, 0.049566223660552064, 0.04403254845955289, -2.8856634137234315e-13, -5.639663024570633e-05, -1.377782819233866e-10, 3.144879535957255e-08, -4.7752141145859243e-14, -5.579929836174386e-12]
[-6.495145075482064, 5.228152882536114, -9.495985087964078, 0.049566223660552064, 0.04062895230501934, -2.8856634137234315e-13, -5.937927507151949e-05, -1.377782819233866e-10, 3.4327668997420274e-08, -4.7752141145859243e-14, -5.256932796593221e-12]
[-7.9743067044764, 5.000754720966452, -8.476993217625136, 0.05139050981658639, 0.04403254845955289, -2.781849755953824e-13, -6.0353687718786286e-05, -1.452706284901941e-10, 3.144879535957255e-08, -5.085075853477082e-14, -5.712101767497249e-12]
[-7.549433380870722, 5.271573291685625, -8.079929245383255, 0.04773797233319127, 0.04403254845955289, -3.06031776988358e-13, -6.0353687718786286e-05, -1.377782819233866e-10, 3.144879535957255e-08, -4.773363900098565e-14, -5.58054704591955e-12]
[-7.854982849164759, 5.271573291685625, -9.341198831227246, 0.04773797233319127, 0.04403254845955289, -2.7990970133843866e-13, -6.0353687718786286e-05, -1.377782819233866e-10, 3.144879535957255e-08, -4.773363900098565e-14, -5.58054704591955e-12]
[-7.549433380870722, 5.000754720966452, -9.179942943591897, 0.05139050981658639, 0.04403254845955289, -2.7562401453623946e-13, -6.0353687718786286e-05, -1.377782819233866e-10, 3.144879535957255e-08, -5.085075853477082e-14, -5.58054704591955e-12]











