[-1.867949916268043e-13, 8.51247762272396, -6.156039537543731, 0.032575390258893985, 0.03849191304160263, 8.132363515209088e-05, -6.018794899139693e-05, -1.2502555649429246e-07, 3.4835935512375985e-08, 4.1365330045067754e-11, -6.729553434074657e-12]": [1391621.7453800887, 1006378.8605036156]

[-7.111906015787603e-14, 8.512477622723958, -6.1560395375437835, 0.03257539025871788, 0.03849191304165095, 8.132363518063175e-05, -6.0187948941292046e-05, -1.2502549705528068e-07, 3.4835878712756026e-08, 4.1401678926082604e-11, -6.723307440998031e-12]": [1619159.231993872, 966392.9434853082]

"[-7.095858547343729, 6.440897344618204, -6.177443806793486, 0.0454309243014871, 0.038297275668200806, -7.187149351109226e-13, -6.018369150754627e-05, 7.39853793663192e-13, 3.484124837037119e-08, -8.858025826990041e-14, -6.7363564679531015e-12]": [804636.8105992685, 708370.3109097525]

"[-7.095858547343729, 6.440897344618204, -6.177443806793486, 0.04543092430162409, 0.038297275668200806, -7.187149351109226e-13, -6.018369150754627e-05, 7.39853793663192e-13, 3.484124837037119e-08, 2.92243318940987e-13, -6.7363564679531015e-12]": [599367.8992908287, 902882.4203188397]

"[-7.0958585473438305, 6.440897344618334, -6.1774438067933355, 0.04543092430130763, 0.038297275667993805, -6.442018230888996e-13, -6.018369127950198e-05, 8.532632693097713e-13, 3.484112214898897e-08, 1.5737270159675752e-13, -6.7363564679531015e-12]": [663316.0022613256, 822303.3326827243]

"[-7.095858547343946, 6.440897344618038, -6.177443806792968, 0.04543092430099202, 0.038297275667804026, -2.08602965178134e-13, -6.018369134305735e-05, 5.533914952297226e-13, 3.484079253573958e-08, -3.691329912986552e-13, -6.733166578362315e-12]": [1001344.0547866443, 619603.5522344431]

"[-7.095858547343946, 6.440897344618126, -6.177443806793058, 0.04543092430090413, 0.038297275667735775, -2.2901757818884667e-13, -6.018369140233364e-05, 8.200772127825919e-13, 3.4840959839744716e-08, -3.671092218312515e-13, -6.733166578362315e-12]": [999804.6006487543, 619959.399620374]